Code 471
 Dimension,   Fixed Cost
50 100 100,    3000
 Pathes
 38 43 23 21
 18 35 27 6
 40 10 37 27
 29 30 10 3
 34 37 9 17
 14 15 18 30
 47 21 15 17
 23 25 47 24
 36 10 49 31
 46 7 21 37
 37 40 27 17
 30 18 36 15
 20 29 42 1
 50 19 13 37
 2 43 13 47
 12 18 42 24
 28 45 47 30
 12 45 13 5
 6 11 7 48
 34 20 21 19
 27 46 22 31
 8 49 32 42
 22 32 26 4
 24 50 48 11
 7 17 4 36
 42 31 26 27
 17 4 30 3
 37 34 24 25
 9 50 30 22
 32 22 23 10
 11 35 50 13
 2 27 37 17
 49 26 13 31
 32 4 7 22
 38 13 30 49
 9 16 43 35
 47 11 6 20
 43 9 40 16
 47 42 16 14
 25 7 2 27
 44 13 15 37
 43 29 27 1
 43 4 5 10
 19 17 39 16
 30 34 4 28
 14 15 18 48
 31 44 22 16
 21 40 17 27
 29 3 45 11
 48 24 31 3
 27 8 23 12
 11 18 16 44
 37 18 8 10
 32 25 41 9
 8 12 10 6
 25 33 14 13
 27 11 18 29
 3 24 47 26
 37 29 47 42
 4 37 23 8
 4 23 16 36
 27 50 33 1
 32 30 28 22
 23 29 21 26
 12 33 32 43
 48 46 31 47
 14 30 40 38
 16 30 10 11
 21 13 46 37
 14 37 22 3
 33 22 24 29
 24 7 3 27
 10 48 22 42
 28 14 44 36
 20 1 37 35
 30 2 24 10
 13 31 36 26
 49 14 18 34
 41 13 20 16
 10 45 18 39
 33 2 19 38
 38 15 5 28
 38 14 1 28
 37 21 6 47
 21 24 32 22
 29 38 35 43
 7 2 33 10
 41 24 39 46
 21 17 35 14
 17 48 27 22
 42 8 50 47
 25 4 5 21
 27 10 30 24
 38 47 27 42
 43 36 47 30
 1 37 12 35
 47 18 41 22
 22 50 10 29
 23 43 41 4
 14 20 36 23
 Transportation
Path Client Cost
  1     5     3
  1    15     2
  1    20     0
  1    33     2
  1    36     1
  1    51     2
  1    65     0
  1    69     2
  1    74     1
  1    91     4
  1    92     0
  2    11     4
  2    16     1
  2    24     4
  2    26     4
  2    31     0
  2    47     1
  2    65     0
  2    78     2
  2    82     3
  2    91     0
  2    97     2
  3    20     2
  3    25     2
  3    43     0
  3    65     4
  3    81     3
  4     2     2
  4     3     2
  4     5     1
  4     8     3
  4    17     4
  4    19     3
  4    27     4
  4    36     0
  4    41     1
  4    53     2
  4    64     0
  4    66     1
  4    69     3
  5    45     3
  5    65     4
  5    66     0
  5    70     0
  5    72     3
  5    73     4
  5    87     3
  5    91     3
  6     1     2
  6     5     4
  6    22     3
  6    28     1
  6    29     1
  6    31     0
  6    43     1
  6    50     3
  6    51     1
  6    52     1
  6    72     1
  6    74     4
  6    93     4
  6    94     0
  7     9     4
  7    16     4
  7    23     2
  7    41     4
  7    54     2
  7    60     1
  7    80     3
  8     4     0
  8     8     1
  8    59     2
  8    66     0
  8    75     4
  8    84     3
  8    92     4
  8    99     4
  9     8     1
  9    13     1
  9    14     2
  9    17     4
  9    32     0
  9    38     3
  9    44     4
  9    60     1
  9    61     1
  9    70     3
  9    71     3
  9    88     0
 10    16     1
 10    34     0
 10    40     2
 10    44     4
 10    45     2
 10    67     0
 10    76     0
 10    83     1
 10    85     3
 10   100     2
 11     9     0
 11    20     1
 11    21     3
 11    54     4
 11    56     0
 11    73     2
 12    12     1
 12    27     4
 12    42     0
 12    45     4
 12    48     1
 12    49     4
 12    59     4
 12    62     0
 12    67     4
 12    78     0
 12    79     3
 13     1     2
 13     8     0
 13    17     3
 13    24     1
 13    29     2
 13    46     1
 13    47     3
 13    56     2
 13    57     3
 13    58     4
 13    59     4
 13    73     3
 13    81     2
 13    90     3
 13    92     3
 13    93     2
 14    12     0
 14    14     0
 14    36     3
 14    61     1
 14    64     2
 14    81     0
 14    84     2
 14    85     4
 14    95     0
 15     6     1
 15    35     3
 15    39     2
 15    45     0
 15    46     0
 15    53     2
 15    83     1
 15    95     3
 16    14     4
 16    16     4
 16    29     0
 16    46     2
 16    47     0
 16    53     0
 16    65     3
 16    69     4
 16    74     3
 16    83     1
 16    86     2
 16    92     4
 16    99     3
 17     4     4
 17    14     1
 17    38     2
 17    70     1
 18    15     0
 18    18     0
 18    27     0
 18    28     1
 18    39     1
 18    43     2
 18    55     1
 18    77     3
 18    94     1
 18    96     4
 19     2     2
 19    15     2
 19    17     3
 19    23     0
 19    43     1
 19    55     1
 19    74     0
 20    17     3
 20    19     0
 20    25     3
 20    27     4
 20    52     3
 20    54     0
 20    57     3
 20    62     4
 20    68     0
 20    77     3
 20    83     2
 21     1     1
 21    19     3
 21    38     1
 21    48     0
 21    52     3
 21    54     2
 21    57     0
 21    59     3
 21    71     2
 21    81     4
 22     8     2
 22     9     4
 22    16     0
 22    40     2
 22    43     0
 22    64     0
 22    65     4
 22    69     2
 22    71     0
 22    80     1
 22    82     1
 22    84     2
 22    94     0
 23    23     1
 23    30     3
 23    53     3
 23    58     3
 23    63     1
 23    70     2
 23    73     0
 23    75     4
 23    87     3
 23    99     1
 24     3     4
 24     9     3
 24    11     2
 24    19     1
 24    21     0
 24    32     2
 24    48     0
 24    68     3
 24    80     0
 25     4     1
 25    18     3
 25    34     0
 25    52     2
 25    59     4
 25    65     3
 25    74     4
 25    78     2
 25    84     4
 25    90     4
 25    93     3
 25    95     3
 26    24     4
 26    25     2
 26    49     1
 26    58     3
 26    82     1
 26    84     1
 26    87     4
 26    91     1
 26    92     3
 27    22     0
 27    29     4
 27    36     1
 27    49     0
 27    67     3
 27    74     1
 27    88     3
 27    93     3
 28    59     4
 28    61     4
 28    67     1
 28    69     0
 28    76     0
 28    88     2
 29    41     0
 29    44     2
 29    79     1
 29    96     0
 29    97     1
 30     3     1
 30    12     3
 30    82     4
 30    86     1
 30    90     0
 30    91     3
 30    92     2
 30    95     1
 31     1     2
 31     5     0
 31     6     2
 31    21     1
 31    28     3
 31    34     2
 31    47     0
 31    54     2
 31    55     2
 31    68     2
 31    88     3
 31    89     0
 31    93     3
 31    99     3
 32     6     1
 32    10     3
 32    11     2
 32    21     4
 32    24     2
 32    36     1
 32    49     2
 32    63     3
 32    78     3
 32    84     4
 32    86     1
 32    89     0
 32    93     3
 33    10     1
 33    14     3
 33    16     4
 33    31     2
 33    49     2
 33    50     4
 33    59     1
 33    73     0
 33    89     3
 33    93     4
 33    98     3
 34     7     1
 34    11     2
 34    12     4
 34    15     4
 34    16     0
 34    20     4
 34    42     2
 34    98     2
 35     2     4
 35     4     2
 35     6     3
 35    13     0
 35    18     4
 35    26     2
 35    28     3
 35    31     2
 35    37     4
 35    41     1
 35    77     2
 35    78     1
 35    83     2
 36     9     3
 36    27     4
 36    51     4
 36    56     2
 36    71     3
 36    75     3
 36    80     0
 36    86     2
 36    96     2
 36    98     2
 36    99     0
 37    20     2
 37    25     0
 37    26     0
 37    37     2
 37    42     3
 37    47     0
 37    61     1
 37    75     1
 37    80     2
 37    84     0
 37    85     0
 38     1     4
 38     7     2
 38    13     4
 38    45     4
 38    71     2
 38    77     0
 38    82     4
 39     1     4
 39    36     1
 39    47     1
 39    50     4
 39    84     0
 39   100     2
 40    10     4
 40    15     1
 40    17     2
 40    21     2
 40    23     3
 40    27     0
 40    37     1
 40    64     4
 40    75     0
 40    76     1
 40    77     4
 40    89     3
 41     1     0
 41     4     4
 41     5     0
 41     7     3
 41    10     4
 41    15     3
 41    24     3
 41    32     4
 41    34     3
 41    59     0
 41    71     1
 41    85     0
 41    94     1
 41    97     2
 42    36     4
 42    42     1
 42    65     3
 42    73     0
 42    77     4
 42    80     0
 42    86     3
 43    18     4
 43    31     3
 43    32     3
 43    40     2
 43    43     2
 43    51     0
 43    81     1
 43    87     4
 43    89     3
 43   100     0
 44     5     4
 44     8     0
 44    13     2
 44    30     0
 44    41     1
 44    42     3
 44    64     1
 44    66     0
 44    67     0
 44    75     4
 44    81     0
 44    89     2
 45     5     1
 45     6     1
 45    12     2
 45    13     4
 45    23     2
 45    30     1
 45    35     4
 45    45     0
 45    55     0
 45    73     3
 45    88     1
 45    97     1
 46    13     2
 46    31     1
 46    34     0
 46    35     2
 46    38     2
 46    54     4
 46    60     1
 46    78     3
 46    83     4
 47    11     1
 47    14     0
 47    17     2
 47    33     2
 47    42     3
 47    52     3
 47    64     1
 47    66     2
 47    76     4
 47    79     2
 47    86     3
 47    98     1
 47   100     0
 48    18     4
 48    20     1
 48    25     4
 48    26     2
 48    32     2
 48    45     1
 48    51     1
 48    55     3
 48    64     1
 49     8     2
 49    26     1
 49    31     0
 49    35     0
 49    49     4
 49    67     1
 49    84     1
 49    97     1
 50     2     1
 50     7     3
 50    18     3
 50    19     0
 50    36     3
 50    40     3
 50    59     0
 50    66     4
 50    68     0
 50    78     3
 50    98     2
 51    16     4
 51    26     0
 51    35     0
 51    44     4
 51    68     4
 51    85     0
 51    90     4
 51    92     3
 51   100     3
 52    12     1
 52    20     3
 52    48     4
 52    58     1
 52    60     4
 52    77     0
 52    79     0
 52    90     4
 52    98     3
 53     3     2
 53     6     2
 53    27     0
 53    39     1
 53    42     4
 53    47     2
 53    48     1
 53    63     4
 53    68     1
 53    79     0
 53    86     3
 53    97     4
 54     7     1
 54    10     2
 54    22     3
 54    30     1
 54    32     2
 54    39     1
 54    54     1
 54    60     4
 54    61     4
 54    67     0
 54    76     2
 55    22     3
 55    25     4
 55    51     4
 55    56     4
 55    60     2
 55    62     0
 55    63     1
 55    85     4
 55    95     3
 55    97     0
 56    38     2
 56    41     1
 56    44     2
 56    50     2
 56    55     3
 56    56     0
 56    63     3
 56    76     1
 56    78     2
 56    96     2
 57     7     3
 57    10     4
 57    15     4
 57    22     1
 57    39     4
 57    47     0
 57    49     1
 57    52     2
 57    63     2
 57    64     1
 57    83     4
 57    87     2
 57    89     4
 57    99     3
 58     6     1
 58    12     3
 58    19     2
 58    50     4
 58    52     4
 58    62     1
 58    69     1
 58    82     4
 58    88     0
 58    97     3
 58    98     2
 59    12     1
 59    34     1
 59    36     4
 59    38     2
 59    41     3
 59    59     1
 59    71     1
 60     1     1
 60    39     0
 60    40     0
 60    46     1
 60    93     0
 60    95     0
 60    98     2
 61     7     1
 61    23     2
 61    24     4
 61    30     3
 61    39     0
 61    43     0
 61    46     4
 61    48     1
 61    58     1
 61    75     3
 62    10     0
 62    22     1
 62    32     4
 62    60     0
 62    77     3
 62    80     2
 62    85     0
 62    87     3
 62    90     3
 62    93     1
 63     4     0
 63    22     4
 63    51     0
 63    67     1
 63    77     2
 63    85     3
 63    94     3
 64     5     4
 64    11     3
 64    20     2
 64    25     2
 64    44     3
 64    50     4
 64    53     3
 64    58     0
 64    70     0
 65     9     2
 65    25     4
 65    35     0
 65    56     2
 65    61     2
 65    76     1
 65    82     1
 65    86     0
 65    96     0
 66     6     1
 66     9     3
 66    21     3
 66    28     0
 66    33     3
 66    35     1
 66    37     4
 66    38     4
 66    44     1
 66    51     3
 66    89     4
 66    95     2
 67    29     2
 67    34     4
 67    35     2
 67    40     4
 67    43     3
 67    46     0
 67    50     3
 67    65     0
 67    71     0
 67    90     4
 67    96     3
 68     4     1
 68    12     3
 68    13     4
 68    14     2
 68    38     0
 68    39     1
 68    45     2
 68    54     2
 68    71     3
 68    73     4
 68    75     2
 69     2     2
 69    24     2
 69    26     2
 69    58     3
 69    86     0
 70    11     0
 70    24     0
 70    33     1
 70    55     4
 70    57     0
 70    58     2
 70    61     3
 70    79     3
 70    83     2
 70   100     1
 71    11     3
 71    14     4
 71    18     2
 71    22     0
 71    72     0
 71    96     1
 72     2     3
 72     7     4
 72    13     0
 72    14     2
 72    25     3
 72    41     1
 72    51     3
 72    69     0
 72    72     1
 72    79     4
 72    99     0
 73    14     1
 73    17     4
 73    19     0
 73    25     2
 73    32     3
 73    33     4
 73    57     4
 73    60     2
 73    67     3
 73    68     0
 73    70     2
 73    76     1
 73    81     3
 73    92     3
 73    94     3
 74    16     4
 74    19     3
 74    27     2
 74    40     1
 74    46     0
 74    71     2
 74    72     1
 74    74     1
 74    81     0
 75     3     3
 75     7     3
 75    21     3
 75    40     0
 75    41     0
 75    63     1
 75    79     0
 75    95     1
 76    11     0
 76    15     2
 76    45     4
 76    53     2
 76    60     3
 76    67     1
 76    79     1
 76    82     2
 76    85     2
 76    96     4
 77     2     3
 77     4     1
 77     6     4
 77     8     0
 77    21     1
 77    24     1
 77    28     4
 77    35     3
 77    46     0
 77    49     2
 77    52     1
 77    56     4
 77    73     3
 77    88     0
 77    90     3
 77    96     0
 77    97     3
 78    11     0
 78    32     1
 78    38     3
 78    48     3
 78    53     4
 78    58     1
 78    68     1
 78    69     2
 78    72     1
 78    83     2
 78    90     3
 78    99     2
 79     3     0
 79    24     0
 79    27     4
 79    30     3
 79    49     1
 79    52     1
 79    62     1
 79    87     4
 79    91     1
 79   100     2
 80    26     3
 80    34     3
 80    45     3
 80    46     0
 80    50     4
 80    70     2
 80    72     0
 80    74     0
 80    85     2
 80    88     0
 81    28     2
 81    29     0
 81    48     2
 81    66     4
 81    76     0
 82     4     3
 82    28     4
 82    31     2
 82    36     1
 82    40     2
 82    58     1
 82    63     4
 82    64     3
 82    76     4
 82    82     4
 83     9     3
 83    30     3
 83    38     1
 83    50     2
 83    57     0
 83    77     4
 83    91     3
 84     1     3
 84     3     0
 84    10     4
 84    23     4
 84    32     1
 84    37     0
 84    61     4
 84    62     0
 84    72     1
 84    94     2
 84   100     0
 85     4     1
 85    10     4
 85    12     4
 85    18     1
 85    23     4
 85    33     2
 85    43     2
 85    44     0
 85    62     3
 85    63     0
 85    88     2
 85    89     0
 85    91     3
 85    92     0
 85    94     0
 86     1     1
 86    19     0
 86    26     4
 86    33     0
 86    37     3
 86    39     0
 86    47     4
 86    55     2
 86    68     3
 86    70     0
 86    72     4
 86    95     1
 87     8     1
 87    15     3
 87    22     2
 87    48     2
 87    54     0
 87    72     3
 87    97     0
 87    98     4
 88     7     3
 88    13     3
 88    18     4
 88    20     1
 88    31     4
 88    43     1
 88    91     2
 89     2     0
 89    30     2
 89    34     3
 89    49     0
 89    57     2
 89    62     0
 89    63     0
 89    70     2
 89    90     3
 89   100     4
 90     2     2
 90     5     1
 90    15     1
 90    17     4
 90    21     0
 90    27     4
 90    29     0
 90    35     0
 90    40     1
 90    41     4
 90    50     1
 90    66     4
 90    75     1
 90    80     2
 91     2     3
 91     9     1
 91    10     4
 91    30     4
 91    37     4
 91    61     1
 91    68     4
 91    96     3
 92     9     4
 92    21     4
 92    37     4
 92    54     4
 92    57     0
 92    61     4
 92    79     0
 92    80     4
 92    89     3
 93     3     2
 93     8     4
 93    29     3
 93    37     3
 93    42     0
 93    47     0
 93    84     4
 93    94     2
 93    99     0
 94    19     1
 94    22     1
 94    26     4
 94    78     1
 94    88     0
 94    95     2
 95    20     3
 95    23     3
 95    29     1
 95    37     3
 95    46     0
 95    56     2
 95    57     2
 95    64     0
 95    69     4
 95    75     2
 95    82     4
 95    83     0
 95    91     4
 95    93     4
 96     3     1
 96    29     3
 96    33     0
 96    53     1
 96    55     3
 96    56     0
 96    57     0
 96    65     1
 96    80     1
 96    81     2
 97     5     1
 97    28     2
 97    30     2
 97    33     2
 97    44     0
 97    51     0
 97    53     4
 97    56     0
 97    60     1
 97    70     3
 97    87     2
 97    94     3
 97    98     2
 97    99     0
 98     3     3
 98    23     0
 98    42     0
 98    48     4
 98    53     2
 98    62     1
 98    74     1
 98    92     3
 99    13     2
 99    16     2
 99    17     3
 99    18     1
 99    28     0
 99    31     0
 99    33     2
 99    34     4
 99    44     4
 99    52     0
 99    55     4
 99    66     4
 99    69     0
 99    73     0
 99    78     2
 99    87     1
 99   100     0
100     6     3
100    39     2
100    42     3
100    62     3
100    66     1
100    74     2
100    81     0
100    86     4
100    87     2
