Code 471
 Dimension,   Fixed Cost
50 100 100,    3000
 Pathes
 21 23 38 43
 6 18 27 35
 10 27 37 40
 3 10 29 30
 9 17 34 37
 14 15 18 30
 15 17 21 47
 23 24 25 47
 10 31 36 49
 7 21 37 46
 20 30 36 37
 1 29 42 50
 2 13 19 37
 12 13 43 47
 18 24 28 42
 5 30 45 47
 6 7 11 48
 19 20 21 34
 22 27 31 46
 8 32 42 49
 4 22 26 32
 17 24 48 50
 4 27 36 42
 4 17 25 30
 9 22 30 50
 10 11 23 32
 13 35 49 50
 7 13 26 31
 13 16 22 38
 11 20 35 43
 9 16 40 43
 14 16 42 47
 2 7 25 27
 13 15 29 44
 1 5 27 43
 10 17 19 39
 16 28 30 34
 14 31 44 48
 21 22 29 40
 3 11 24 45
 3 8 23 31
 11 12 16 18
 8 18 37 44
 9 10 25 41
 6 8 10 12
 13 14 25 33
 11 27 29 47
 23 26 29 37
 4 8 16 50
 1 30 32 33
 12 22 23 28
 33 43 46 48
 31 38 40 47
 10 16 21 33
 7 10 22 24
 20 22 42 48
 1 24 35 37
 10 13 18 34
 13 20 41 45
 2 18 33 39
 5 15 19 38
 1 14 28 38
 6 28 37 47
 2 21 24 32
 24 27 33 41
 8 22 36 47
 1 18 41 47
 14 22 41 43
 20 23 39 50
 1 13 36 39
 6 21 41 50
 1 19 40 48
 4 34 39 41
 4 15 35 48
 1 4 7 44
 2 6 30 46
 16 25 32 35
 4 31 37 45
 6 14 19 32
 19 36 44 45
 16 19 29 31
 3 4 9 38
 2 15 43 50
 2 5 36 41
 12 15 33 42
 18 31 32 43
 4 23 33 40
 7 12 34 40
 17 28 32 36
 1 2 12 20
 5 8 9 28
 35 36 38 46
 12 30 48 49
 26 38 45 49
 3 17 26 44
 3 5 26 39
 46 49 3 5
 9 11 25 26
 34 39 44 45
 46 49 3 5
 Transportation
Path Client Cost
  1    14     2
  1    15     2
  1    18     1
  1    21     3
  1    29     1
  1    56     1
  1    69     4
  1    82     2
  1    84     4
  1    99     4
  2     2     2
  2     3     0
  2     4     0
  2    11     1
  2    30     1
  2    41     3
  2    45     2
  2    46     1
  2    54     2
  2   100     4
  3     7     4
  3     9     2
  3    26     4
  3    33     3
  3    38     3
  3    51     2
  3    53     3
  3    61     0
  3    82     3
  3    91     4
  4     9     3
  4    15     0
  4    20     3
  4    39     3
  4    45     0
  4    51     0
  4    54     4
  4    79     1
  4    87     2
  4    99     3
  5    18     0
  5    25     3
  5    35     4
  5    43     4
  5    47     2
  5    48     4
  5    73     4
  5    85     1
  5    88     4
  5    99     1
  6    21     3
  6    24     1
  6    29     1
  6    35     2
  6    50     0
  6    58     2
  6    71     2
  6    74     3
  6    86     0
  6    94     1
  7    20     0
  7    49     1
  7    57     0
  7    65     0
  7    71     1
  7    90     3
  7    91     2
  7    93     0
  7    94     2
  7    98     4
  8     1     0
  8    11     3
  8    24     0
  8    32     4
  8    40     2
  8    46     3
  8    64     2
  8    66     3
  8    77     1
  8    95     3
  9    27     0
  9    31     1
  9    54     3
  9    55     3
  9    63     4
  9    71     0
  9    75     3
  9    90     0
  9    92     4
  9    94     1
 10    13     2
 10    18     4
 10    55     0
 10    57     1
 10    58     3
 10    59     2
 10    67     3
 10    76     0
 10    87     2
 10    93     4
 11     1     4
 11     4     0
 11    18     1
 11    27     0
 11    42     2
 11    47     2
 11    66     3
 11    69     2
 11    77     2
 11    86     2
 12     3     2
 12    26     4
 12    32     2
 12    37     0
 12    41     3
 12    48     4
 12    55     4
 12    61     4
 12    64     2
 12    73     2
 13     2     4
 13    20     3
 13    26     2
 13    51     0
 13    65     4
 13    69     2
 13    72     3
 13    80     3
 13    86     4
 13    94     4
 14    20     4
 14    35     2
 14    36     4
 14    37     0
 14    40     0
 14    48     2
 14    49     1
 14    53     0
 14    74     2
 14    90     4
 15     4     4
 15    18     0
 15    35     3
 15    66     0
 15    74     4
 15    79     4
 15    81     2
 15    82     4
 15    90     2
 15    97     2
 16     6     1
 16    13     2
 16    16     0
 16    18     1
 16    31     3
 16    77     4
 16    81     0
 16    90     0
 16    93     3
 16    95     1
 17     6     1
 17    23     3
 17    27     4
 17    44     0
 17    45     1
 17    61     3
 17    67     2
 17    79     3
 17    83     3
 17    96     3
 18     2     0
 18     6     0
 18    43     3
 18    49     0
 18    54     1
 18    88     4
 18    89     2
 18    91     4
 18    97     2
 18    99     0
 19     9     0
 19    24     2
 19    33     2
 19    35     2
 19    41     4
 19    43     3
 19    46     1
 19    48     2
 19    82     2
 19    84     1
 20     5     0
 20    24     0
 20    47     2
 20    54     2
 20    55     2
 20    56     2
 20    62     4
 20    66     3
 20    73     3
 20    97     2
 21     1     2
 21    10     0
 21    25     0
 21    31     2
 21    46     0
 21    70     1
 21    73     4
 21    86     0
 21    89     3
 21    99     4
 22     8     1
 22    10     4
 22    15     3
 22    43     2
 22    45     4
 22    51     0
 22    59     1
 22    66     1
 22    67     4
 22    90     0
 23     1     1
 23     4     0
 23    14     3
 23    39     1
 23    46     2
 23    49     0
 23    50     3
 23    65     0
 23    67     2
 23    77     3
 24    27     1
 24    32     1
 24    42     4
 24    59     4
 24    66     4
 24    82     1
 24    84     0
 24    91     4
 24    92     4
 24    93     3
 25     8     0
 25    14     1
 25    33     2
 25    46     1
 25    58     2
 25    66     3
 25    71     4
 25    85     3
 25    86     3
 25    93     4
 26     7     3
 26     8     1
 26    13     0
 26    29     4
 26    30     2
 26    33     2
 26    40     0
 26    68     3
 26    79     2
 26    99     1
 27    15     2
 27    22     2
 27    43     2
 27    46     1
 27    50     3
 27    54     1
 27    65     3
 27    74     3
 27    90     1
 27    96     3
 28     3     3
 28    15     1
 28    16     0
 28    30     3
 28    35     1
 28    43     4
 28    47     4
 28    72     1
 28    75     0
 28    90     2
 29     4     1
 29     7     4
 29    29     0
 29    42     1
 29    44     1
 29    47     3
 29    53     4
 29    56     1
 29    59     3
 29   100     3
 30    12     0
 30    34     2
 30    37     3
 30    43     2
 30    44     3
 30    61     0
 30    85     2
 30    88     1
 30    93     0
 30    98     0
 31     3     0
 31     6     1
 31    10     4
 31    18     2
 31    19     1
 31    22     0
 31    29     2
 31    67     3
 31    85     0
 31    97     0
 32     9     4
 32    10     2
 32    15     0
 32    51     4
 32    56     2
 32    64     3
 32    66     1
 32    76     4
 32    80     3
 32    99     4
 33     5     3
 33    12     4
 33    13     1
 33    38     4
 33    45     0
 33    48     1
 33    67     0
 33    68     2
 33    74     0
 33    95     0
 34     1     2
 34    37     4
 34    39     3
 34    42     3
 34    53     2
 34    54     2
 34    55     4
 34    82     1
 34    89     2
 34    95     3
 35     1     0
 35    31     0
 35    35     2
 35    37     0
 35    39     1
 35    53     4
 35    59     1
 35    86     4
 35    87     2
 35    93     0
 36     9     0
 36    18     0
 36    31     1
 36    60     3
 36    66     3
 36    69     1
 36    78     2
 36    87     4
 36    89     4
 36    95     3
 37    29     1
 37    52     3
 37    61     3
 37    63     4
 37    69     2
 37    70     0
 37    80     1
 37    82     4
 37    87     2
 37    90     4
 38     1     0
 38     3     4
 38    15     0
 38    23     3
 38    33     4
 38    36     2
 38    67     2
 38    74     0
 38    97     3
 38   100     0
 39     5     0
 39    12     4
 39    14     3
 39    16     4
 39    22     3
 39    42     0
 39    47     2
 39    80     2
 39    92     1
 39    94     0
 40     6     1
 40    16     0
 40    21     3
 40    25     2
 40    58     4
 40    64     3
 40    76     2
 40    95     4
 40    96     1
 40    98     2
 41     4     2
 41     7     2
 41    15     2
 41    20     0
 41    23     3
 41    46     4
 41    76     2
 41    78     4
 41    87     0
 41    97     4
 42    11     4
 42    19     1
 42    21     2
 42    31     2
 42    54     1
 42    56     3
 42    68     2
 42    86     2
 42    92     4
 42    99     4
 43    12     3
 43    46     1
 43    50     3
 43    70     4
 43    73     1
 43    78     4
 43    81     1
 43    90     2
 43    96     3
 43    99     1
 44    15     4
 44    34     3
 44    37     3
 44    48     0
 44    50     1
 44    65     0
 44    67     3
 44    80     4
 44    95     2
 44    96     4
 45     3     0
 45     6     1
 45    13     4
 45    34     1
 45    64     0
 45    70     2
 45    71     0
 45    89     2
 45    92     1
 45    96     3
 46    13     4
 46    23     3
 46    26     3
 46    28     4
 46    41     0
 46    52     1
 46    61     1
 46    69     3
 46    78     1
 46    82     1
 47     8     2
 47    12     4
 47    21     3
 47    25     4
 47    33     1
 47    50     0
 47    59     1
 47    73     2
 47    76     3
 47    97     1
 48     7     1
 48     9     1
 48    24     4
 48    30     2
 48    46     1
 48    52     4
 48    54     4
 48    55     2
 48    62     0
 48    77     4
 49     9     1
 49    15     4
 49    16     1
 49    20     3
 49    27     1
 49    28     2
 49    36     1
 49    44     3
 49    48     3
 49    53     4
 50     8     3
 50    31     4
 50    52     3
 50    55     1
 50    69     0
 50    75     1
 50    83     4
 50    84     0
 50    89     0
 50   100     3
 51    14     2
 51    22     0
 51    23     1
 51    32     3
 51    40     4
 51    44     1
 51    53     4
 51    56     3
 51    82     4
 51    85     0
 52     2     0
 52     3     4
 52     4     0
 52     5     4
 52    42     3
 52    47     1
 52    48     1
 52    57     1
 52    82     3
 52    95     0
 53     1     0
 53     2     4
 53     4     1
 53    16     3
 53    22     4
 53    25     3
 53    67     0
 53    96     1
 53    99     4
 53   100     1
 54     8     0
 54    10     0
 54    16     0
 54    17     2
 54    28     1
 54    63     1
 54    73     3
 54    76     1
 54    81     0
 54    84     0
 55    12     4
 55    24     3
 55    27     3
 55    31     2
 55    44     0
 55    49     1
 55    51     4
 55    54     0
 55    78     1
 55    91     4
 56     4     3
 56    16     4
 56    20     0
 56    28     0
 56    50     0
 56    53     1
 56    72     0
 56    73     0
 56    78     2
 56    86     3
 57     1     2
 57     2     3
 57    17     2
 57    22     2
 57    25     2
 57    34     0
 57    58     1
 57    64     1
 57    73     1
 57    95     4
 58     9     3
 58    19     3
 58    44     1
 58    62     2
 58    72     1
 58    74     2
 58    75     0
 58    77     3
 58    80     4
 58    91     4
 59    36     3
 59    59     1
 59    71     0
 59    72     1
 59    73     2
 59    74     2
 59    80     0
 59    84     1
 59    86     4
 59    87     3
 60     5     3
 60     6     1
 60    13     3
 60    16     1
 60    30     0
 60    42     0
 60    68     4
 60    78     1
 60    83     3
 60    86     4
 61     6     4
 61    11     2
 61    16     3
 61    19     0
 61    23     0
 61    25     4
 61    27     1
 61    45     3
 61    74     1
 61    77     3
 62     1     1
 62     8     4
 62    40     0
 62    44     4
 62    61     3
 62    68     2
 62    80     0
 62    95     2
 62    98     1
 62   100     2
 63    19     0
 63    23     4
 63    28     0
 63    35     4
 63    36     3
 63    37     1
 63    57     1
 63    65     1
 63    78     1
 63    97     2
 64     3     2
 64    13     4
 64    18     3
 64    20     3
 64    38     0
 64    52     0
 64    63     2
 64    67     2
 64    83     4
 64    89     3
 65    13     0
 65    25     2
 65    26     1
 65    35     3
 65    41     4
 65    51     3
 65    57     2
 65    63     0
 65    80     2
 65    98     3
 66    12     4
 66    26     3
 66    27     4
 66    33     4
 66    58     1
 66    65     3
 66    81     4
 66    84     4
 66    87     2
 66    96     4
 67     7     3
 67    24     0
 67    35     3
 67    37     2
 67    44     3
 67    62     2
 67    65     4
 67    83     2
 67    91     1
 67    96     1
 68     3     3
 68    13     2
 68    14     0
 68    21     4
 68    43     1
 68    44     0
 68    62     2
 68    74     0
 68    96     2
 68   100     0
 69     2     3
 69    14     3
 69    22     1
 69    26     1
 69    30     4
 69    38     4
 69    45     4
 69    57     1
 69    71     3
 69    76     2
 70     5     0
 70     9     3
 70    10     1
 70    29     4
 70    58     2
 70    60     2
 70    76     3
 70    79     1
 70    84     1
 70    98     4
 71     8     3
 71    10     3
 71    14     2
 71    32     4
 71    37     0
 71    39     0
 71    41     0
 71    49     1
 71    63     3
 71    93     4
 72    14     4
 72    36     2
 72    37     0
 72    51     0
 72    53     3
 72    55     4
 72    62     0
 72    65     0
 72    76     2
 72    80     2
 73    10     4
 73    23     4
 73    30     1
 73    32     1
 73    43     4
 73    58     1
 73    63     1
 73    69     0
 73    81     2
 73   100     4
 74    23     3
 74    27     3
 74    28     2
 74    45     1
 74    58     0
 74    62     3
 74    77     0
 74    85     2
 74    97     2
 74   100     2
 75     2     2
 75     9     0
 75    11     3
 75    21     3
 75    32     0
 75    33     3
 75    40     3
 75    55     2
 75    61     1
 75    66     4
 76    10     1
 76    23     2
 76    42     4
 76    43     3
 76    51     4
 76    56     2
 76    58     4
 76    62     3
 76    78     3
 76    89     3
 77     2     0
 77     6     3
 77    31     2
 77    47     3
 77    59     1
 77    68     2
 77    69     4
 77    76     2
 77    78     2
 77    83     3
 78     7     2
 78     8     4
 78    10     2
 78    26     3
 78    28     0
 78    33     1
 78    40     4
 78    64     0
 78    85     0
 78    97     3
 79    19     4
 79    25     3
 79    29     0
 79    31     3
 79    41     2
 79    52     3
 79    56     0
 79    64     1
 79    84     2
 79    85     3
 80     2     4
 80     5     0
 80     6     0
 80    14     0
 80    18     1
 80    22     0
 80    25     3
 80    30     1
 80    41     1
 80    63     3
 81     4     2
 81    22     0
 81    29     1
 81    30     3
 81    36     2
 81    39     2
 81    60     0
 81    65     0
 81    77     0
 81    94     2
 82    17     0
 82    29     0
 82    41     2
 82    42     1
 82    45     1
 82    53     4
 82    55     0
 82    61     2
 82    63     0
 82    87     0
 83    11     0
 83    36     2
 83    45     1
 83    47     1
 83    49     1
 83    60     2
 83    77     3
 83    85     1
 83    87     4
 83    89     0
 84    26     2
 84    39     2
 84    47     0
 84    57     3
 84    62     4
 84    72     0
 84    79     2
 84    84     0
 84    89     4
 84    93     0
 85    20     4
 85    21     0
 85    41     3
 85    56     4
 85    62     3
 85    68     4
 85    69     4
 85    70     1
 85    94     4
 85    98     4
 86    11     2
 86    19     0
 86    24     4
 86    39     2
 86    50     0
 86    59     3
 86    60     2
 86    70     1
 86    75     0
 86    79     3
 87     3     2
 87    17     3
 87    20     4
 87    27     4
 87    36     0
 87    38     1
 87    49     1
 87    59     3
 87    72     2
 87    92     2
 88     8     3
 88    19     0
 88    21     4
 88    22     1
 88    26     2
 88    36     4
 88    79     0
 88    92     1
 88    93     0
 88    94     3
 89     5     1
 89     7     0
 89    21     3
 89    24     1
 89    34     3
 89    56     4
 89    57     4
 89    68     2
 89    83     0
 89    98     4
 90    11     4
 90    17     2
 90    38     2
 90    40     4
 90    42     0
 90    60     2
 90    70     1
 90    71     0
 90    85     3
 90    91     2
 91     5     2
 91    28     0
 91    33     2
 91    57     1
 91    60     3
 91    63     4
 91    68     0
 91    75     2
 91    79     3
 91    83     3
 92     7     1
 92    24     2
 92    48     1
 92    49     1
 92    51     3
 92    52     2
 92    57     3
 92    60     2
 92    79     3
 92    91     0
 93     5     3
 93    11     0
 93    19     0
 93    38     0
 93    39     4
 93    50     3
 93    60     2
 93    71     4
 93    81     4
 93   100     1
 94    34     0
 94    38     1
 94    39     3
 94    49     4
 94    60     0
 94    61     1
 94    64     2
 94    72     1
 94    75     2
 94    88     0
 95     7     0
 95    32     4
 95    38     3
 95    40     4
 95    50     3
 95    64     3
 95    68     1
 95    70     4
 95    88     4
 95    92     2
 96    11     4
 96    17     1
 96    19     4
 96    32     3
 96    38     1
 96    52     3
 96    71     3
 96    88     0
 96    91     3
 96    98     4
 97    12     3
 97    17     4
 97    28     0
 97    30     0
 97    34     4
 97    70     2
 97    72     0
 97    88     4
 97    92     2
 97    98     4
 98    12     4
 98    17     0
 98    34     4
 98    40     3
 98    70     2
 98    72     0
 98    75     1
 98    81     1
 98    83     1
 98    88     1
 99    17     4
 99    32     0
 99    34     2
 99    52     1
 99    75     4
 99    81     3
 99    83     4
 99    88     0
 99    92     0
 99    94     1
100    12     1
100    17     2
100    28     4
100    34     4
100    48     3
100    52     3
100    75     0
100    81     2
100    88     3
100    94     0
