Code 472
 Dimension,   Fixed Cost
50 100 100,    3000
 Pathes
 35 27 7 48
 15 14 36 26
 5 37 15 31
 42 21 23 39
 36 28 1 18
 39 18 32 46
 44 24 40 8
 41 3 38 46
 41 22 45 18
 35 47 12 37
 50 4 16 6
 5 37 34 16
 11 27 46 20
 19 46 26 45
 31 34 7 32
 41 45 43 11
 46 28 8 23
 1 21 37 42
 17 47 24 30
 26 17 48 43
 10 47 9 1
 20 47 1 32
 28 41 32 8
 41 26 7 46
 22 34 50 4
 40 26 39 13
 41 1 42 26
 23 27 5 30
 47 40 18 17
 47 18 11 35
 31 3 2 47
 16 23 41 49
 31 15 49 5
 37 33 20 14
 36 17 33 31
 41 26 38 49
 48 24 9 36
 45 37 34 9
 38 34 48 16
 4 43 15 1
 13 31 42 20
 7 22 44 33
 49 23 6 4
 50 19 32 27
 15 18 32 25
 29 2 46 33
 15 2 48 19
 43 27 32 36
 34 41 45 4
 3 38 26 19
 41 46 32 18
 15 14 39 13
 3 30 24 28
 31 43 40 4
 24 47 41 46
 37 8 38 33
 41 5 39 38
 14 36 5 45
 16 45 39 13
 10 11 1 43
 4 34 47 19
 46 4 36 14
 14 43 17 49
 26 49 1 5
 18 41 48 10
 4 36 14 16
 9 23 39 28
 10 36 25 37
 44 32 12 20
 45 36 40 14
 22 9 36 50
 12 29 35 6
 31 42 19 36
 31 50 8 6
 6 27 46 45
 17 45 26 19
 13 29 46 20
 1 6 38 48
 12 27 49 34
 47 41 26 21
 3 1 38 32
 8 40 29 4
 48 22 6 36
 6 24 18 27
 43 50 4 23
 6 36 13 38
 7 2 24 9
 47 22 38 25
 25 21 20 43
 33 4 6 30
 41 33 22 18
 5 35 28 46
 23 45 1 16
 46 37 2 33
 16 33 9 20
 23 36 7 12
 12 43 6 46
 9 24 35 37
 33 48 43 5
 28 40 46 6
 Transportation
Path Client Cost
  1    15     1
  1    22     4
  1    34     1
  1    43     0
  1    63     1
  1    91     2
  2    30     4
  2    62     3
  2    66     2
  3    19     3
  3    20     2
  3    21     3
  3    23     2
  3    24     0
  3    28     0
  3    43     0
  3    56     2
  3    72     3
  3    77     1
  3    80     1
  3    82     4
  3    94     1
  3    98     0
  4     1     0
  4    15     0
  4    20     2
  4    27     2
  4    33     3
  4    38     1
  4    41     2
  4    63     3
  4    71     1
  4    94     1
  4    97     0
  5    12     1
  5    24     2
  5    32     3
  5    34     4
  5    55     3
  6    14     2
  6    29     1
  6    43     3
  6    44     3
  6    45     4
  6    69     1
  6    81     1
  6    83     4
  6    93     3
  7    18     1
  7    22     1
  7    26     0
  7    27     0
  7    46     0
  7    51     3
  7    52     0
  7    58     4
  7    63     2
  7    67     1
  7    76     4
  7    82     2
  7    85     2
  8    12     1
  8    22     2
  8    49     3
  8    51     3
  8    58     0
  8    72     2
  8    82     3
  8    92     2
  8    97     1
  9     9     2
  9    16     0
  9    25     4
  9    28     2
  9    49     3
  9    50     0
  9    62     4
  9    71     1
  9    73     3
  9    80     1
  9    88     3
  9    94     3
  9    97     2
 10    12     3
 10    18     2
 10    26     2
 10    75     2
 10    82     2
 10    90     2
 11     6     0
 11     8     2
 11    11     2
 11    16     3
 11    27     1
 11    37     1
 11    71     1
 11    77     1
 11    83     4
 12     2     1
 12    23     1
 12    30     4
 12    33     2
 12    42     3
 12    44     4
 12    48     3
 12    55     0
 12    83     2
 12    91     4
 13    15     1
 13    20     3
 13    23     1
 13    32     4
 13    45     3
 13    51     0
 13    52     2
 13    54     3
 13    61     3
 13    83     4
 13    84     4
 13    89     3
 14     4     4
 14    20     4
 14    24     4
 14    29     1
 14    35     2
 14    42     3
 14    54     3
 14    61     2
 14    67     0
 14    70     0
 14    74     1
 14    76     2
 14    79     0
 14    89     4
 15    14     3
 15    16     4
 15    17     4
 15    27     0
 15    48     3
 15    72     2
 15    85     2
 15    90     4
 15    92     4
 15    99     3
 16    13     3
 16    16     1
 16    19     3
 16    31     1
 16    39     2
 16    46     0
 16    52     2
 16    68     3
 16    95     0
 16   100     2
 17    19     1
 17    60     1
 17    62     2
 17    85     1
 17    88     1
 17    89     0
 18     2     4
 18    11     3
 18    24     2
 18    27     0
 18    35     3
 18    56     2
 18    58     3
 18    59     0
 18    74     1
 19     5     3
 19     9     0
 19    34     3
 19    42     3
 19    56     1
 19    59     0
 19    73     3
 19    81     0
 20    14     4
 20    21     0
 20    31     2
 20    32     4
 20    33     4
 20    42     1
 20    58     2
 20    61     2
 20    64     1
 20    68     0
 20    80     1
 20    82     3
 21    16     2
 21    26     3
 21    46     1
 21    50     2
 21    54     0
 21    61     4
 21    80     0
 21    84     2
 22    11     0
 22    13     1
 22    26     3
 22    33     4
 22    37     1
 22    38     3
 22    42     0
 22    48     0
 22    54     3
 22    59     3
 22    78     4
 22    86     4
 22    87     0
 22    95     2
 22    96     1
 22    99     0
 23     3     2
 23     4     1
 23    26     1
 23    37     3
 23    44     1
 23    48     4
 23    52     1
 23    62     2
 23    67     0
 23    71     0
 23    75     1
 23    79     3
 24     5     4
 24     7     3
 24     8     2
 24    11     0
 24    22     2
 24    34     1
 24    47     3
 24    52     2
 24    55     2
 24    69     4
 24    70     4
 24    76     1
 24    82     0
 24    83     0
 24    98     4
 25     7     3
 25    35     0
 25    38     3
 25    49     0
 25    53     1
 25    66     2
 25    89     4
 26     4     2
 26    26     3
 26    61     0
 26    65     0
 26    83     3
 26    86     4
 27    60     0
 27    90     3
 28     1     2
 28     3     3
 28     6     1
 28    17     4
 28    20     3
 28    24     3
 28    25     1
 28    27     2
 28    59     0
 29    33     3
 29    39     0
 29    46     4
 29    51     1
 29    65     2
 29    66     0
 29    67     4
 29    69     2
 29    74     2
 29    78     4
 29    91     1
 29    95     1
 29    97     0
 29   100     3
 30     3     0
 30    48     1
 30    67     0
 30    85     3
 31     3     0
 31     6     2
 31     9     1
 31    16     3
 31    18     3
 31    22     2
 31    32     4
 31    48     4
 31    66     4
 31    72     4
 31    90     3
 31    93     0
 31    96     3
 32     4     0
 32     8     4
 32    17     2
 32    21     2
 32    27     1
 32    50     0
 32    53     2
 32    64     0
 32    77     4
 32    84     0
 32    85     3
 32    86     0
 32    97     4
 32    98     4
 33    13     3
 33    42     3
 33    46     2
 33    49     1
 33    89     4
 33    90     4
 33    93     2
 34    12     1
 34    16     1
 34    28     0
 34    29     0
 34    34     0
 34    37     1
 34    56     1
 34    63     0
 34    68     4
 34    73     3
 34    79     2
 34    88     4
 34    89     0
 35     2     4
 35    23     1
 35    25     0
 35    44     2
 35    51     4
 35    62     4
 35    81     3
 35    87     1
 35    90     2
 35    98     3
 36     4     1
 36    10     4
 36    17     4
 36    24     1
 36    35     2
 36    41     0
 36    55     0
 36    60     1
 36    61     4
 36    86     2
 36    99     3
 36   100     4
 37     3     0
 37     5     1
 37     7     1
 37    50     3
 37    54     4
 37    57     1
 37    66     4
 37    70     1
 37    71     3
 37    92     3
 38     7     2
 38    12     0
 38    15     0
 38    22     2
 38    39     1
 38    43     1
 38    44     4
 38    57     1
 38    70     3
 38    75     0
 38    80     3
 39    25     3
 39    35     3
 39    41     1
 39    47     4
 39    48     1
 39    56     4
 39    67     0
 40     7     0
 40    14     0
 40    21     4
 40    29     1
 40    30     2
 40    53     3
 40    58     2
 40    60     1
 40    78     3
 41     8     4
 41    23     2
 41    31     1
 41    42     2
 41    43     0
 41    45     4
 41    47     0
 41    56     0
 41    72     2
 41    74     1
 41    78     2
 41    88     3
 42    19     0
 42    30     1
 42    32     4
 42    37     2
 42    51     3
 42    54     1
 42    56     3
 42    58     3
 42    64     4
 42    70     4
 42    72     4
 42    75     4
 42    77     0
 42    80     0
 42    84     4
 42    95     1
 42    98     1
 43     2     4
 43     6     4
 43    11     2
 43    18     1
 43    25     2
 43    31     0
 43    35     1
 43    38     0
 43    46     4
 43    52     1
 43    64     0
 43   100     3
 44     1     1
 44    45     4
 44    57     3
 44    67     1
 44    78     0
 44    79     3
 44    87     3
 44    96     0
 45     2     4
 45     5     2
 45     9     4
 45    14     2
 45    26     4
 45    39     0
 45    57     1
 45    69     0
 45    76     3
 45    87     1
 45    97     4
 46     1     4
 46    13     2
 46    19     3
 46    20     4
 46    22     4
 46    23     4
 46    30     1
 46    31     4
 46    44     1
 46    71     0
 46    78     0
 46    86     3
 47     6     0
 47    16     0
 47    36     1
 47    47     0
 47    57     4
 47    59     0
 47    72     2
 47    80     3
 47    93     1
 47    99     3
 48    13     1
 48    17     3
 48    24     4
 48    30     4
 48    35     4
 48    42     4
 48    57     4
 48    80     3
 48    84     1
 48    95     4
 48    96     2
 49     3     4
 49    10     2
 49    32     2
 49    37     0
 49    40     3
 49    67     3
 49    69     1
 49    72     4
 49    82     4
 50     1     4
 50    27     3
 50    39     2
 50    65     4
 50    68     1
 50    86     0
 51    11     3
 51    14     3
 51    30     2
 51    60     1
 51    63     2
 51    69     2
 51    71     2
 51    77     2
 51    94     4
 52     7     2
 52    25     0
 52    34     0
 52    47     3
 52    50     0
 52    52     2
 52    74     0
 53     2     4
 53    15     1
 53    18     3
 53    20     1
 53    24     1
 53    53     2
 53    55     1
 53    61     0
 53    97     1
 54     1     2
 54    10     2
 54    13     4
 54    19     0
 54    21     4
 54    36     0
 54    41     2
 54    46     1
 54    53     0
 54    56     4
 54    61     2
 55     8     2
 55    30     3
 55    46     4
 55    49     0
 55    61     1
 55    94     2
 56    12     2
 56    21     4
 56    29     2
 56    33     3
 56    55     2
 56    63     0
 56    74     1
 56    82     1
 56    86     4
 56    88     3
 56    95     0
 57     5     3
 57     9     4
 57    19     2
 57    25     0
 57    41     0
 57    42     0
 57    53     4
 57    73     2
 57    85     4
 57    87     2
 57    89     3
 57    91     3
 57    95     1
 57    98     2
 58     7     2
 58    10     0
 58    18     4
 58    40     4
 58    59     2
 58    74     4
 58    80     3
 58    89     3
 58    99     2
 59     2     3
 59     3     3
 59     5     1
 59     7     0
 59     8     3
 59    28     2
 59    35     3
 59    36     1
 59    37     0
 59    47     4
 59    53     4
 59    72     3
 59    75     4
 59    76     2
 59    95     1
 60    33     2
 60    53     3
 60    54     2
 60    68     3
 60    75     3
 60    78     0
 60    99     3
 61    19     1
 61    21     0
 61    23     1
 61    71     0
 61    77     0
 61    81     3
 62     2     4
 62     3     1
 62    12     4
 62    23     2
 62    31     4
 62    44     4
 62    58     0
 62    99     3
 63    28     1
 63    43     3
 63    48     0
 63    62     0
 63    67     2
 63    68     4
 64    14     3
 64    15     1
 64    28     1
 64    36     1
 64    40     3
 64    47     2
 64    65     1
 64    70     0
 64    76     0
 64    79     1
 64    83     4
 64    85     0
 65     9     0
 65    17     4
 65    37     3
 65    53     2
 65    65     0
 65    69     2
 65    73     3
 65    79     3
 65    87     2
 65   100     2
 66     3     0
 66    18     1
 66    28     4
 66    29     4
 66    41     3
 66    43     1
 66    67     1
 66    74     1
 66    86     3
 66    97     4
 66    98     2
 67    14     0
 67    32     4
 67    37     3
 67    46     3
 67    54     4
 67    60     4
 67    74     2
 67    77     0
 67    83     4
 67    92     3
 67    96     2
 68     5     3
 68    22     0
 68    38     4
 68    40     1
 68    41     0
 68    45     2
 68    49     2
 68    63     1
 68    78     2
 68    89     4
 68   100     3
 69     5     2
 69     9     0
 69    14     1
 69    17     3
 69    20     3
 69    31     2
 69    52     0
 69    87     1
 69    91     3
 69    99     1
 70     6     3
 70    11     0
 70    15     4
 70    20     3
 70    28     2
 70    33     0
 70    39     3
 70    46     2
 70    47     1
 70    66     4
 70    72     3
 70    81     4
 70    94     1
 71    27     4
 71    30     0
 71    36     0
 71    41     1
 71    43     0
 71    44     0
 71    45     1
 71    50     1
 71    55     4
 71    58     1
 71    64     2
 71    70     1
 71    82     0
 72     4     2
 72    29     1
 72    36     3
 72    50     1
 72    77     2
 72    84     1
 72    92     3
 73     5     4
 73    25     3
 73    34     2
 73    52     4
 73    59     4
 73    61     3
 73    63     3
 73    70     4
 73    83     3
 73    93     2
 73    96     1
 74     7     2
 74     9     4
 74    19     2
 74    23     3
 74    39     4
 74    57     0
 74    64     4
 74    66     2
 74    71     1
 74    81     1
 74    84     4
 74    88     0
 75     5     0
 75    13     0
 75    28     0
 75    38     4
 75    57     4
 75    62     0
 75    68     1
 75    70     3
 75    71     4
 75    76     2
 75    84     2
 75    85     4
 76     6     3
 76    11     2
 76    34     3
 76    41     1
 76    45     4
 76    48     0
 76    50     0
 76    53     3
 76    55     2
 76    57     4
 76    65     3
 76    93     4
 76   100     4
 77     4     4
 77    21     4
 77    22     2
 77    25     4
 77    49     1
 77    54     1
 77    81     3
 77    85     4
 77    90     1
 77    91     3
 77    96     0
 78    18     1
 78    32     4
 78    37     2
 78    39     0
 78    43     2
 78    45     4
 78    49     0
 78    58     0
 78    91     4
 78    94     2
 79     6     0
 79     8     4
 79    16     4
 79    19     0
 79    21     0
 79    26     0
 79    35     3
 79    40     1
 79    51     1
 79    56     0
 79    59     0
 79    62     2
 79    69     1
 79    95     1
 79    97     0
 80     4     4
 80     6     4
 80     7     1
 80    49     1
 80    51     2
 80    68     1
 80    73     4
 80    86     2
 81    14     4
 81    30     0
 81    66     1
 81    75     2
 81    98     0
 82     1     4
 82     4     2
 82     8     4
 82    18     4
 82    29     1
 82    43     0
 82    47     3
 82    66     0
 82    79     3
 82    86     0
 82    93     3
 82    98     0
 83     1     0
 83     4     3
 83    12     0
 83    23     2
 83    42     1
 83    44     3
 83    60     1
 83    62     2
 83    63     0
 83    78     0
 83    85     2
 83    87     2
 83    88     3
 83    93     1
 84     8     2
 84    27     4
 84    32     2
 84    40     3
 84    55     0
 84    81     3
 84    96     4
 84    98     0
 85     9     0
 85    24     2
 85    32     2
 85    38     4
 85    40     0
 85    48     0
 85    50     3
 85    68     2
 85    73     1
 85    75     1
 85    89     3
 85    93     4
 86     9     4
 86    10     1
 86    15     3
 86    64     2
 86    65     2
 86    73     1
 86    81     3
 86    87     2
 86    88     1
 86    92     3
 86    94     2
 87    12     2
 87    25     0
 87    45     0
 87    60     3
 87    63     2
 87    73     3
 88    15     0
 88    18     3
 88    20     2
 88    41     4
 88    56     2
 88    64     1
 89    33     2
 89    58     2
 89    66     1
 89    69     3
 89    76     0
 89    84     2
 89    96     0
 89   100     1
 90     2     3
 90     8     4
 90    22     0
 90    36     0
 90    38     4
 90    44     4
 90    49     0
 90    64     1
 90    74     1
 90    83     0
 90    90     1
 90    92     0
 90    93     3
 90    96     2
 90   100     1
 91    10     2
 91    12     0
 91    60     3
 91    76     3
 91    77     1
 91    82     3
 91    90     4
 91    99     1
 92    13     1
 92    17     3
 92    24     1
 92    28     1
 92    29     1
 92    45     4
 92    59     4
 92    65     1
 92    70     4
 92    75     3
 92    77     0
 92    87     2
 92    91     2
 92    92     4
 92    95     0
 92    97     0
 93     1     0
 93     2     1
 93    10     4
 93    31     1
 93    40     4
 93    57     1
 93    68     0
 93    75     3
 93    94     4
 94    10     0
 94    38     3
 94    76     2
 95     3     3
 95    10     1
 95    13     4
 95    39     3
 95    51     4
 95    62     2
 95    69     4
 95    78     1
 95    92     1
 96    10     1
 96    11     1
 96    17     0
 96    36     4
 96    39     3
 96    40     2
 96    79     1
 96    81     1
 96    88     0
 96    92     2
 97     6     1
 97    16     3
 97    31     4
 97    35     3
 97    36     1
 97    47     3
 97    52     1
 97    54     3
 97    64     0
 97    79     0
 97    80     4
 97    91     0
 98    26     2
 98    31     4
 98    33     1
 98    34     4
 98    40     3
 98    51     0
 98    60     2
 98    65     2
 98    73     3
 98   100     1
 99    36     2
 99    59     4
 99    65     0
 99    79     0
 99    84     1
 99    90     0
 99    91     4
 99    99     3
100     1     4
100    11     1
100    13     0
100    15     0
100    17     3
100    21     4
100    26     0
100    29     3
100    34     4
100    38     3
100    50     2
100    55     3
100    88     2
100    94     3
