Code 472
 Dimension,   Fixed Cost
50 100 100,    3000
 Pathes
 7 27 35 48
 14 15 26 36
 5 15 31 37
 21 23 39 42
 1 18 28 36
 18 32 39 46
 8 24 40 44
 3 38 41 46
 18 22 41 45
 12 35 37 47
 4 6 16 50
 5 11 16 34
 19 20 27 46
 19 26 31 45
 7 32 34 41
 11 43 45 46
 8 23 28 37
 17 24 42 47
 17 26 30 48
 9 10 43 47
 1 20 32 47
 26 28 41 50
 4 26 39 40
 1 13 41 42
 5 23 26 27
 18 30 40 47
 11 17 18 35
 2 3 31 47
 16 23 41 49
 20 31 33 49
 14 17 33 41
 24 26 38 49
 9 36 37 45
 9 34 38 48
 1 15 16 43
 7 13 22 31
 6 23 33 44
 4 15 19 32
 2 18 25 29
 2 15 33 46
 2 19 43 48
 3 27 32 36
 14 18 19 38
 3 13 30 39
 24 28 30 31
 37 40 41 43
 5 8 33 38
 16 36 38 39
 1 10 39 45
 4 34 36 43
 5 14 43 49
 4 10 18 48
 10 23 25 36
 12 20 36 44
 14 40 45 50
 6 12 29 31
 19 36 42 50
 8 17 27 50
 13 20 29 45
 1 6 27 38
 21 34 47 49
 1 3 8 29
 4 22 24 27
 13 23 43 50
 2 7 21 38
 6 20 30 43
 2 5 35 41
 7 9 16 33
 12 24 33 43
 5 28 40 48
 6 10 28 46
 9 12 32 40
 3 28 35 45
 1 4 35 44
 10 12 15 49
 14 16 37 42
 12 23 30 45
 17 31 32 38
 21 26 32 33
 22 30 33 36
 24 25 37 48
 10 11 19 30
 2 9 11 20
 29 30 37 44
 8 12 16 25
 9 24 29 39
 20 23 24 34
 11 24 32 50
 9 15 30 41
 9 23 31 35
 2 4 8 49
 3 4 11 14
 10 22 26 35
 5 10 20 21
 22 25 38 50
 7 13 21 25
 42 44 6 7
 13 17 21 22
 25 29 34 42
 44 46 3 6
 Transportation
Path Client Cost
  1     6     2
  1    16     3
  1    33     3
  1    46     2
  1    48     1
  1    54     4
  1    75     0
  1    92     1
  1    95     4
  1   100     0
  2    15     3
  2    20     4
  2    40     0
  2    45     2
  2    51     3
  2    64     3
  2    67     0
  2    69     1
  2    81     4
  2   100     0
  3     1     1
  3     4     0
  3    13     1
  3    34     1
  3    38     0
  3    53     1
  3    64     1
  3    70     4
  3    86     3
  3    88     0
  4     9     0
  4    11     3
  4    15     4
  4    21     2
  4    31     3
  4    34     4
  4    40     0
  4    79     4
  4    82     3
  4    97     3
  5     2     2
  5    27     2
  5    33     2
  5    35     3
  5    36     2
  5    64     4
  5    69     0
  5    83     1
  5    92     3
  5    97     3
  6     7     1
  6    17     2
  6    24     0
  6    43     1
  6    44     1
  6    83     3
  6    87     4
  6    88     3
  6    90     3
  6    97     3
  7     3     3
  7    16     3
  7    17     1
  7    42     0
  7    46     3
  7    54     0
  7    57     2
  7    61     1
  7    74     2
  7    79     0
  8     3     2
  8     4     2
  8    13     3
  8    14     4
  8    28     3
  8    46     4
  8    53     1
  8    69     3
  8    70     3
  8    88     2
  9     3     3
  9    20     0
  9    32     2
  9    40     4
  9    54     4
  9    56     4
  9    61     0
  9    77     4
  9    79     0
  9   100     4
 10     1     4
 10     7     1
 10     8     2
 10    24     2
 10    31     2
 10    38     2
 10    46     4
 10    68     0
 10    77     2
 10    90     0
 11     3     2
 11    12     1
 11    13     1
 11    35     1
 11    41     2
 11    46     4
 11    61     1
 11    62     2
 11    74     3
 11    83     2
 12     3     0
 12     5     2
 12    14     4
 12    18     2
 12    28     3
 12    36     1
 12    48     4
 12    53     1
 12    85     2
 12    92     1
 13     9     4
 13    28     1
 13    35     0
 13    39     3
 13    43     2
 13    52     0
 13    57     0
 13    73     3
 13    77     4
 13    87     0
 14     7     0
 14    10     2
 14    21     3
 14    22     3
 14    23     1
 14    26     3
 14    45     4
 14    79     0
 14    98     2
 14   100     0
 15     4     2
 15     7     0
 15    11     1
 15    15     0
 15    18     0
 15    28     2
 15    32     1
 15    50     3
 15    71     4
 15    84     4
 16     3     0
 16     9     2
 16    34     0
 16    59     2
 16    63     1
 16    64     1
 16    66     4
 16    70     2
 16    75     0
 16    92     1
 17     6     1
 17    14     1
 17    34     0
 17    40     1
 17    56     2
 17    66     4
 17    72     1
 17    82     1
 17    92     1
 17   100     3
 18     2     4
 18    12     4
 18    40     2
 18    42     1
 18    46     1
 18    48     4
 18    51     2
 18    55     3
 18    71     0
 18    81     0
 19    16     1
 19    20     2
 19    41     1
 19    43     0
 19    46     4
 19    62     4
 19    69     2
 19    93     1
 19    97     4
 19    98     4
 20     5     3
 20    13     4
 20    20     4
 20    31     4
 20    42     4
 20    49     2
 20    67     4
 20    78     4
 20    84     2
 20    85     2
 21     4     3
 21    12     2
 21    20     4
 21    22     4
 21    29     3
 21    56     3
 21    60     2
 21    70     0
 21    89     2
 21    98     1
 22     1     1
 22     5     4
 22    19     3
 22    24     1
 22    34     0
 22    52     0
 22    73     2
 22    76     3
 22    98     4
 22   100     4
 23    14     2
 23    18     3
 23    25     0
 23    36     2
 23    39     3
 23    43     1
 23    48     4
 23    59     3
 23    79     3
 23    97     3
 24    47     1
 24    54     0
 24    59     1
 24    64     1
 24    71     0
 24    72     3
 24    90     0
 24    96     4
 24    97     1
 24    99     2
 25    11     1
 25    22     1
 25    23     3
 25    34     1
 25    42     2
 25    49     0
 25    59     0
 25    65     3
 25    67     3
 25    78     2
 26     4     1
 26    22     3
 26    25     3
 26    43     0
 26    68     4
 26    75     4
 26    85     4
 26    90     4
 26    94     3
 26   100     3
 27    16     2
 27    29     0
 27    38     1
 27    45     0
 27    50     2
 27    70     3
 27    74     4
 27    78     0
 27    95     3
 27    96     3
 28    49     3
 28    58     4
 28    64     3
 28    68     1
 28    79     1
 28    84     3
 28    85     0
 28    93     4
 28    96     2
 28    98     3
 29     4     2
 29    36     0
 29    39     1
 29    54     2
 29    57     0
 29    66     3
 29    68     0
 29    71     1
 29    76     1
 29    88     4
 30    12     3
 30    14     3
 30    19     3
 30    20     1
 30    22     0
 30    33     3
 30    41     2
 30    48     4
 30    57     0
 30    83     1
 31     1     0
 31     3     0
 31     6     3
 31    38     1
 31    41     0
 31    63     3
 31    66     1
 31    71     0
 31    78     2
 31    82     0
 32     6     3
 32    12     4
 32    23     1
 32    35     2
 32    38     4
 32    46     1
 32    62     4
 32    71     0
 32    83     3
 32    90     4
 33     6     4
 33    13     3
 33    41     4
 33    44     4
 33    68     2
 33    71     1
 33    76     4
 33    78     4
 33    87     0
 33    92     4
 34     7     0
 34    16     0
 34    21     1
 34    29     4
 34    33     2
 34    43     4
 34    54     1
 34    55     4
 34    67     3
 34    70     2
 35    24     3
 35    39     4
 35    41     0
 35    47     0
 35    52     3
 35    59     4
 35    64     2
 35    70     1
 35    82     3
 35    97     3
 36    12     3
 36    15     3
 36    22     0
 36    23     4
 36    30     1
 36    31     4
 36    39     1
 36    63     0
 36    76     0
 36    85     0
 37     8     3
 37     9     3
 37    25     0
 37    33     1
 37    55     0
 37    68     2
 37    77     1
 37    78     0
 37    80     1
 37    90     0
 38     9     0
 38    21     2
 38    32     0
 38    37     3
 38    52     0
 38    71     1
 38    72     1
 38    76     0
 38    85     3
 38   100     2
 39     7     3
 39     8     3
 39    13     0
 39    29     1
 39    35     4
 39    42     3
 39    79     1
 39    80     2
 39    95     4
 39    98     0
 40     7     0
 40    13     2
 40    16     2
 40    23     1
 40    24     2
 40    43     1
 40    52     2
 40    69     0
 40    73     4
 40    97     1
 41    25     1
 41    32     2
 41    40     3
 41    53     2
 41    54     0
 41    57     4
 41    59     4
 41    60     3
 41    65     2
 41    76     3
 42    13     3
 42    14     3
 42    21     0
 42    22     3
 42    37     4
 42    42     1
 42    60     2
 42    67     4
 42    77     1
 42    97     3
 43     5     3
 43    12     0
 43    24     2
 43    36     0
 43    53     1
 43    56     2
 43    71     4
 43    76     2
 43    84     0
 43   100     3
 44     3     2
 44    18     2
 44    19     1
 44    34     1
 44    39     4
 44    41     0
 44    42     3
 44    54     4
 44    79     0
 44    88     2
 45    37     1
 45    38     1
 45    44     3
 45    45     1
 45    47     4
 45    48     4
 45    74     0
 45    75     4
 45    76     4
 45    93     1
 46     7     4
 46     8     0
 46    18     3
 46    20     2
 46    40     2
 46    42     3
 46    62     0
 46    71     1
 46    78     0
 46    89     2
 47    18     0
 47    19     0
 47    22     3
 47    28     0
 47    47     0
 47    58     2
 47    73     4
 47    79     0
 47    92     4
 47    99     4
 48    17     1
 48    27     0
 48    36     1
 48    40     1
 48    51     1
 48    67     4
 48    83     1
 48    87     3
 48    91     3
 48    98     2
 49    13     3
 49    14     2
 49    20     2
 49    21     4
 49    26     0
 49    36     4
 49    53     0
 49    54     2
 49    55     1
 49    73     3
 50     2     3
 50     9     4
 50    17     2
 50    23     2
 50    35     4
 50    63     0
 50    75     0
 50    79     2
 50    83     2
 50    95     2
 51     1     1
 51     4     3
 51     7     2
 51    34     0
 51    51     2
 51    56     0
 51    68     1
 51    73     3
 51    83     0
 51    87     2
 52    20     1
 52    29     4
 52    37     3
 52    42     4
 52    43     0
 52    50     4
 52    82     3
 52    86     2
 52    88     1
 52    98     4
 53    13     0
 53    26     0
 53    32     0
 53    47     2
 53    50     4
 53    64     2
 53    67     1
 53    75     2
 53    87     2
 53    94     4
 54     2     2
 54    25     2
 54    29     0
 54    31     4
 54    37     4
 54    70     4
 54    74     2
 54    81     1
 54    82     0
 54    89     1
 55     7     1
 55    14     0
 55    23     0
 55    29     4
 55    30     0
 55    39     0
 55    44     1
 55    49     3
 55    63     2
 55    66     1
 56    16     3
 56    20     0
 56    34     4
 56    50     1
 56    60     3
 56    63     4
 56    75     1
 56    80     1
 56    85     2
 56    93     0
 57    18     0
 57    41     2
 57    58     2
 57    76     4
 57    81     0
 57    82     3
 57    95     4
 57    96     4
 57    99     2
 57   100     0
 58    14     0
 58    24     4
 58    36     0
 58    37     1
 58    38     3
 58    42     4
 58    64     0
 58    73     4
 58    75     3
 58    92     4
 59    26     4
 59    30     3
 59    37     2
 59    41     1
 59    56     2
 59    64     3
 59    65     1
 59    74     1
 59    78     0
 59    99     4
 60     3     3
 60     8     2
 60    15     2
 60    31     4
 60    47     2
 60    49     4
 60    55     0
 60    59     3
 60    65     3
 60    72     2
 61     9     3
 61    19     3
 61    34     3
 61    57     2
 61    80     4
 61    85     1
 61    86     1
 61    87     3
 61    90     1
 61    98     3
 62    14     1
 62    18     1
 62    29     2
 62    41     1
 62    52     0
 62    56     1
 62    58     4
 62    66     1
 62    67     2
 62    85     1
 63     3     2
 63    22     0
 63    50     0
 63    57     3
 63    60     3
 63    75     1
 63    77     0
 63    86     4
 63    94     4
 63    96     1
 64    22     4
 64    24     1
 64    45     3
 64    51     1
 64    59     2
 64    61     0
 64    75     2
 64    89     0
 64    91     3
 64    94     2
 65     5     4
 65    32     4
 65    37     1
 65    50     4
 65    62     4
 65    76     1
 65    83     0
 65    86     1
 65    89     0
 65    93     1
 66     5     3
 66    44     3
 66    47     0
 66    60     0
 66    65     3
 66    77     1
 66    82     3
 66    94     1
 66    96     1
 66    97     0
 67    17     3
 67    18     0
 67    23     3
 67    28     4
 67    44     4
 67    46     1
 67    53     2
 67    60     3
 67    84     2
 67    99     0
 68     4     2
 68     6     1
 68    39     4
 68    45     1
 68    50     2
 68    57     3
 68    68     2
 68    74     1
 68    77     3
 68    96     1
 69     8     3
 69    16     1
 69    55     0
 69    56     2
 69    74     2
 69    84     3
 69    90     4
 69    91     3
 69    93     3
 69    98     0
 70     4     3
 70    12     2
 70    21     1
 70    30     3
 70    48     4
 70    56     3
 70    70     3
 70    80     2
 70    85     2
 70    95     1
 71    12     2
 71    21     2
 71    24     2
 71    43     0
 71    49     3
 71    65     2
 71    72     1
 71    89     2
 71    96     3
 71    99     1
 72    15     2
 72    17     1
 72    30     3
 72    32     0
 72    36     2
 72    50     0
 72    56     4
 72    57     4
 72    77     4
 72    96     3
 73     8     4
 73    18     1
 73    26     4
 73    44     3
 73    65     2
 73    69     1
 73    80     2
 73    83     2
 73    92     2
 73    95     0
 74     1     3
 74    23     2
 74    35     1
 74    38     3
 74    45     1
 74    57     2
 74    80     2
 74    82     3
 74    86     2
 74    93     4
 75     9     0
 75    17     1
 75    23     4
 75    25     0
 75    47     4
 75    50     0
 75    52     2
 75    66     4
 75    89     4
 75    90     1
 76    10     2
 76    15     4
 76    27     3
 76    31     3
 76    35     2
 76    72     2
 76    77     1
 76    90     1
 76    91     4
 76    99     0
 77     2     3
 77    12     4
 77    33     4
 77    39     4
 77    40     2
 77    44     4
 77    48     2
 77    54     4
 77    69     3
 77    99     4
 78     8     2
 78    15     4
 78    35     4
 78    37     3
 78    46     0
 78    67     3
 78    70     1
 78    72     3
 78    92     4
 78    96     2
 79    16     2
 79    33     2
 79    40     0
 79    47     2
 79    51     1
 79    55     2
 79    69     2
 79    78     4
 79    80     3
 79    86     1
 80     9     3
 80    25     0
 80    37     2
 80    48     4
 80    51     4
 80    55     2
 80    78     2
 80    87     4
 80    93     4
 80    99     4
 81     8     0
 81    21     3
 81    44     0
 81    47     3
 81    48     2
 81    58     0
 81    67     3
 81    73     1
 81    84     4
 81    91     0
 82     4     0
 82     8     1
 82    29     0
 82    32     4
 82    44     0
 82    45     4
 82    53     1
 82    58     3
 82    66     4
 82    95     3
 83    15     3
 83    24     4
 83    32     2
 83    35     3
 83    52     3
 83    58     2
 83    66     2
 83    72     1
 83    82     0
 83    91     1
 84    16     2
 84    30     2
 84    36     3
 84    38     1
 84    39     4
 84    60     3
 84    62     3
 84    69     1
 84    91     2
 84    99     3
 85    29     3
 85    43     1
 85    62     4
 85    65     2
 85    68     0
 85    72     0
 85    84     1
 85    89     0
 85    91     3
 85    93     2
 86     1     1
 86    25     3
 86    32     0
 86    38     1
 86    45     3
 86    51     3
 86    55     3
 86    63     0
 86    66     0
 86    84     3
 87     1     4
 87    21     4
 87    45     1
 87    49     4
 87    61     1
 87    62     0
 87    68     0
 87    69     4
 87    84     2
 87    91     4
 88     2     2
 88    10     1
 88    19     0
 88    27     0
 88    49     3
 88    51     0
 88    58     1
 88    61     4
 88    86     0
 88    95     0
 89     9     3
 89    10     2
 89    17     3
 89    30     2
 89    31     3
 89    59     2
 89    61     0
 89    87     4
 89    88     3
 89    89     1
 90     5     3
 90     6     2
 90    10     2
 90    51     1
 90    53     1
 90    62     0
 90    87     2
 90    89     0
 90    93     3
 90    94     0
 91    17     4
 91    25     4
 91    27     4
 91    30     0
 91    62     1
 91    65     0
 91    80     2
 91    81     4
 91    88     2
 91    91     3
 92     1     2
 92    10     4
 92    19     4
 92    27     4
 92    28     2
 92    52     2
 92    60     3
 92    63     2
 92    73     3
 92    81     0
 93    10     3
 93    15     2
 93    30     0
 93    31     0
 93    52     2
 93    53     3
 93    55     2
 93    59     0
 93    60     0
 93    80     0
 94     2     2
 94    10     4
 94    11     2
 94    17     0
 94    49     0
 94    61     1
 94    65     4
 94    72     2
 94    81     2
 94    88     2
 95    10     0
 95    11     0
 95    25     4
 95    26     2
 95    30     4
 95    61     1
 95    63     2
 95    74     0
 95    88     1
 95    95     1
 96     1     3
 96     6     2
 96    11     2
 96    19     1
 96    26     1
 96    27     0
 96    58     4
 96    63     1
 96    73     2
 96    81     4
 97    10     3
 97    11     3
 97    19     4
 97    26     2
 97    33     3
 97    58     3
 97    61     3
 97    74     4
 97    86     2
 97    94     4
 98     2     1
 98     5     2
 98    11     1
 98    19     4
 98    27     1
 98    28     4
 98    31     0
 98    33     3
 98    86     4
 98    94     0
 99     2     1
 99     5     2
 99     6     0
 99    11     1
 99    26     2
 99    27     0
 99    28     4
 99    49     3
 99    81     1
 99    94     2
100     2     3
100     5     1
100     6     1
100    11     4
100    26     1
100    27     4
100    28     3
100    33     1
100    81     2
100    94     2
